5 o
1 x
1 y
0 600 50 50 5 -5 0 800 0 800 m
0 750 50 50 5 -5 0 800 0 800 m
150 750 50 50 5 -5 0 800 0 800 m
100 500 50 50 5 -5 0 800 0 800 m
100 650 50 50 5 -5 0 800 0 800 m
250 650 50 50 5 -5 0 800 0 800 m
200 400 50 50 5 -5 0 800 0 800 m
200 550 50 50 5 -5 0 800 0 800 m
350 550 50 50 5 -5 0 800 0 800 m
300 300 50 50 5 -5 0 800 0 800 m
300 450 50 50 5 -5 0 800 0 800 m
450 450 50 50 5 -5 0 800 0 800 m
400 200 50 50 5 -5 0 800 0 800 m
400 350 50 50 5 -5 0 800 0 800 m
550 350 50 50 5 -5 0 800 0 800 m
500 100 50 50 5 -5 0 800 0 800 m
500 250 50 50 5 -5 0 800 0 800 m
650 250 50 50 5 -5 0 800 0 800 m
600 0 50 50 5 -5 0 800 0 800 m
600 150 50 50 5 -5 0 800 0 800 m
750 150 50 50 5 -5 0 800 0 800 m
750 0 50 50 -5 5 0 800 0 800 m
750 750 50 50 g